기간	대분류	분류	경제적 여건	교육 환경	교통 여건	자녀육아 및 양육	거주안정성/주변치안	재테크 수단	공원 및 녹지여건	편익/위락시설	해당 지역의 이미지	기타
2017	서울시	서울시	50.4	6.6	20.6	3.6	4.7	3.9	3.1	4.8	2.3	0
2017	성별	남자	48.8	7.5	20.7	4.1	4.4	4.3	3.1	4.8	2.3	-
2017	성별	여자	54.6	4.2	20.4	2.2	5.4	2.6	3.3	5	2.3	0
2017	연령별	20대 이하	53.8	4	24	3.5	5.3	3.7	0.9	4	0.8	-
2017	연령별	30대	47.1	9.3	21.9	6.8	3.1	3.3	2	4.1	2.2	-
2017	연령별	40대	46.7	12.7	19.3	6.2	4.4	3.6	1.7	3.4	2	-
2017	연령별	50대	49.2	5.4	21.8	2.3	4.8	5	4.1	4.9	2.5	-
2017	연령별	60대 이상	54.6	2.8	18.9	0.9	5.6	3.7	4.5	6.3	2.8	0
2017	학력별	중졸 이하	62.8	2.4	15.3	0.7	5.4	2	3.7	5.4	2.3	-
2017	학력별	고졸 이하	51.5	4.6	20.2	2.5	5.2	3.9	3.8	5.6	2.6	0
2017	학력별	대졸 이하	46	8.9	22.5	5.1	4.3	4.3	2.5	4.3	2.2	-
2017	학력별	대학원 이상	47.7	12	21.2	3.6	1.7	6.6	3	2.7	1.6	-
2017	주택형태	단독주택	52.5	5.6	20.6	2.6	4	3.7	3.3	5.5	2	-
2017	주택형태	아파트	46.7	7.9	21.1	4.2	5.3	4.2	3.4	4.3	2.8	0
2017	주택형태	다세대주택	52.8	5.2	19.7	3.1	5.4	4	2.4	5.4	1.9	-
2017	주택형태	연립/기타	55.3	6.3	19.5	4.4	3.6	3	2.3	3.9	1.6	-
2017	입주형태	자가	45.4	6.7	21.5	3	5.6	4.9	4.1	5.8	2.9	0
2017	입주형태	전세	49	9.4	20.5	5.3	4	3.1	2.6	4	2.1	-
2017	입주형태	월세/기타	58.2	4.2	19.5	2.9	4.1	3.1	2.2	4.2	1.6	-
2017	가구원수	1인	57.5	3	20.2	1.2	4.7	3	2.7	5.4	2.2	0
2017	가구원수	2인	51.1	4.6	20.6	2.6	5.2	4.2	3.8	5.5	2.3	-
2017	가구원수	3인	46.8	9.3	21.7	5	4.4	3.9	2.5	4.1	2.4	-
2017	가구원수	4인	43.6	11.3	19.9	6.4	4.3	4.6	3.7	3.9	2.4	-
2017	가구원수	5인 이상	44.1	9.8	20.8	6.4	4.9	4.9	2.7	4.1	2.3	-
2017	소득	100 만원 미만	69.6	2.5	15.2	0.2	4.4	0.7	2.5	3.7	1.2	-
2017	소득	100-200만 미만	62.1	2.2	16.9	1	5.5	1.7	3.5	5.1	2	-
2017	소득	200-300만 미만	51.9	4.3	22.3	2	5.3	3.3	3	5.7	2.1	0
2017	소득	300-400만 미만	49.6	7.1	21.8	4.8	3.7	3.3	2.4	5.2	2.1	-
2017	소득	400-500만 미만	47.9	8.2	21.7	5.4	4	4.3	2.5	4	2	-
2017	소득	500만원 이상	40.1	10.3	21.2	4.8	5.1	6.5	4.1	4.5	3.3	-
2017	지역대분류	도심권	52.2	5.8	18.2	2.3	3.1	7.4	3.2	4.7	3.2	-
2017	지역대분류	동북권	50.9	6.3	20.1	3.7	5	3.5	3.5	4.6	2.4	-
2017	지역대분류	서북권	55.2	5.7	16.3	3.7	4.4	4.1	2.6	4.9	3.2	-
2017	지역대분류	서남권	49.2	5.9	23.2	3.7	4.3	3.1	3.1	5.7	1.7	-
2017	지역대분류	동남권	48	9	20.5	3.4	5.4	4.6	2.8	3.8	2.4	0
2017	종로구	종로구	46.4	6.9	17.4	2.4	2.9	11.4	4.2	5.1	3.2	-
2017	중구	중구	53	3.3	23.2	3.1	1.6	3.3	3.9	5	3.7	-
2017	용산구	용산구	55.8	6.5	15.9	1.7	4.1	6.8	2.1	4.2	2.9	-
2017	성동구	성동구	46.5	5.4	24.4	5.8	5.5	5.6	1.6	3.4	2	-
2017	광진구	광진구	54.5	6	20.1	3.4	4	2.9	3.3	3.4	2.4	-
2017	동대문구	동대문구	70.6	2.6	17.4	2.2	2.5	0.8	1.1	2.2	0.7	-
2017	중랑구	중랑구	55.9	8.2	16.9	3.5	3.8	1.2	4.7	4.7	1.1	-
2017	성북구	성북구	36.1	6.9	24.1	5.3	4.2	7.2	4.6	7.1	4.6	-
2017	강북구	강북구	45.2	6.5	16.3	3.2	6.1	4.5	6	7.8	4.6	-
2017	도봉구	도봉구	47.4	7.8	19.3	3.3	5.6	4	3.3	6.8	2.4	-
2017	노원구	노원구	51.1	6.5	21.8	3.4	7.8	2.3	3.2	2.2	1.7	-
2017	은평구	은평구	60.9	6.8	17.5	2.9	4.9	1.4	1.2	3.9	0.5	-
2017	서대문구	서대문구	54.2	3.5	19.5	1.9	3.1	7.5	1.4	3.1	5.7	-
2017	마포구	마포구	49.2	6.2	12.3	6.1	4.6	4.5	5.2	7.6	4.2	-
2017	양천구	양천구	52.6	5.4	21	3.1	8.9	2.5	1.8	4	0.7	-
2017	강서구	강서구	67.2	3.6	16.6	2	5.1	1.9	0.7	1.9	1.1	-
2017	구로구	구로구	43.2	7.7	25.4	3.9	5.2	2.7	4.7	4.1	3	-
2017	금천구	금천구	46.6	8.4	16.9	2.4	6.1	1.2	6.1	9.9	2.3	-
2017	영등포구	영등포구	44.1	7.6	24.9	7.7	1.4	3.1	4.4	4.1	2.8	-
2017	동작구	동작구	34.1	4.4	25.5	3.5	1.3	6.8	5	17.6	1.6	-
2017	관악구	관악구	47.8	6.2	30	3.7	3.1	3.2	2	2.6	1.3	-
2017	서초구	서초구	61	8.8	16.5	3.1	2.2	3.5	1.3	2.2	1.2	-
2017	강남구	강남구	37.6	9.9	25.4	3.6	7	3.8	2.8	6.1	3.8	0
2017	송파구	송파구	48.9	8.3	15.1	4.5	6.3	7.8	3	4.4	1.8	-
2017	강동구	강동구	47.4	8.9	25.9	1.9	5.2	2.2	4.2	1.7	2.6	-