기간	구분	총가구	총가구	총가구	총가구	일반가구	일반가구	일반가구	일반가구	집단가구	집단가구	집단가구	집단가구	집단가구	집단가구	집단가구	집단가구	외국인가구	외국인가구	외국인가구	외국인가구
기간	구분	총가구	총가구	총가구	총가구	일반가구	일반가구	일반가구	일반가구	비혈연 6인이상 가구	비혈연 6인이상 가구	비혈연 6인이상 가구	비혈연 6인이상 가구	집단시설가구	집단시설가구	집단시설가구	집단시설가구	외국인가구	외국인가구	외국인가구	외국인가구
기간	구분	가구수	가구원수	가구원수	가구원수	가구수	가구원수	가구원수	가구원수	가구수	가구원수	가구원수	가구원수	가구수	가구원수	가구원수	가구원수	가구수	가구원수	가구원수	가구원수
기간	구분	가구수	계	남자	여자	가구수	계	남자	여자	가구수	계	남자	여자	가구수	계	남자	여자	가구수	계	남자	여자
2015	합계	3,914,820	9,904,312	4,859,535	5,044,777	3,784,490	9,394,807	4,555,632	4,839,175	1,489	16,753	8,471	8,282	772	82,267	36,754	45,513	128,069	262,718	131,533	131,185
2015	종로구	68,429	161,521	79,510	82,011	61,580	140,595	68,165	72,430	72	633	316	317	34	4,128	2,164	1,964	6,743	12,521	6,166	6,355
2015	중구	55,508	128,478	63,218	65,260	51,205	114,967	56,336	58,631	46	487	266	221	18	2,028	603	1,425	4,239	8,290	3,932	4,358
2015	용산구	96,385	227,282	109,980	117,302	90,313	208,603	99,564	109,039	45	485	245	240	23	1,704	472	1,232	6,004	11,410	5,925	5,485
2015	성동구	118,900	295,006	146,332	148,674	114,719	279,939	136,888	143,051	57	684	319	365	18	2,468	1,562	906	4,106	7,282	3,689	3,593
2015	광진구	155,242	368,199	180,647	187,552	147,718	342,909	166,328	176,581	51	575	260	315	33	5,628	2,868	2,760	7,440	13,634	6,433	7,201
2015	동대문구	153,362	364,787	181,189	183,598	146,677	342,429	168,828	173,601	103	1,193	597	596	31	4,229	2,001	2,228	6,551	10,651	4,524	6,127
2015	중랑구	160,043	403,237	199,936	203,301	157,537	391,655	192,236	199,419	37	428	181	247	31	1,371	610	761	2,438	4,118	1,916	2,202
2015	성북구	178,717	456,844	221,861	234,983	174,257	434,061	209,363	224,698	99	1,269	619	650	69	7,762	2,976	4,786	4,292	6,833	3,053	3,780
2015	강북구	127,462	319,992	156,386	163,606	125,666	310,292	150,378	159,914	46	462	239	223	36	1,782	457	1,325	1,714	2,890	1,273	1,617
2015	도봉구	125,952	340,095	166,187	173,908	124,981	331,682	160,673	171,009	33	401	119	282	31	1,928	433	1,495	907	1,440	709	731
2015	노원구	206,092	562,996	274,128	288,868	204,836	547,202	263,417	283,785	62	734	304	430	32	5,180	2,194	2,986	1,162	1,875	958	917
2015	은평구	181,725	478,374	232,709	245,665	179,752	464,236	222,929	241,307	49	464	204	260	35	4,008	2,397	1,611	1,889	3,399	1,636	1,763
2015	서대문구	125,149	308,768	147,956	160,812	121,034	288,543	137,817	150,726	60	772	393	379	44	7,768	3,023	4,745	4,011	6,923	2,807	4,116
2015	마포구	159,636	381,330	182,657	198,673	154,981	364,232	172,865	191,367	72	741	354	387	28	2,650	1,281	1,369	4,555	8,077	3,475	4,602
2015	양천구	166,139	465,512	229,878	235,634	163,823	453,634	221,218	232,416	39	375	185	190	25	807	293	514	2,252	3,987	1,998	1,989
2015	강서구	220,598	570,507	278,270	292,237	217,636	554,709	267,487	287,222	49	440	177	263	41	2,290	874	1,416	2,872	5,431	2,867	2,564
2015	구로구	170,651	444,832	222,985	221,847	156,528	401,233	197,438	203,795	44	639	318	321	28	2,006	972	1,034	14,051	35,104	19,123	15,981
2015	금천구	103,086	250,690	128,036	122,654	93,443	222,566	111,777	110,789	29	460	261	199	31	1,285	447	838	9,583	22,207	11,994	10,213
2015	영등포구	162,570	406,528	203,801	202,727	147,745	351,837	172,795	179,042	80	1,194	750	444	28	2,087	1,301	786	14,717	44,555	23,369	21,186
2015	동작구	166,706	407,894	200,602	207,292	161,000	383,917	186,761	197,156	54	630	321	309	22	5,673	2,788	2,885	5,630	11,837	5,719	6,118
2015	관악구	238,744	519,622	261,967	257,655	228,636	484,478	241,953	242,525	133	1,583	950	633	35	7,008	3,516	3,492	9,940	19,232	9,332	9,900
2015	서초구	156,703	420,804	201,841	218,963	154,031	407,416	193,537	213,879	63	604	265	339	25	2,506	838	1,668	2,584	4,287	2,090	2,197
2015	강남구	214,911	541,688	259,526	282,162	211,357	526,157	248,833	277,324	81	646	389	257	24	1,527	578	949	3,449	5,159	2,685	2,474
2015	송파구	235,101	634,941	309,336	325,605	230,941	615,487	296,204	319,283	45	417	236	181	22	3,097	1,340	1,757	4,093	7,057	3,573	3,484
2015	강동구	167,009	444,385	220,597	223,788	164,094	432,028	211,842	220,186	40	437	203	234	28	1,347	766	581	2,847	4,519	2,287	2,232
2016	합계	3,915,023	9,805,506	4,799,115	5,006,391	3,784,705	9,315,075	4,510,141	4,804,934	1,053	9,226	5,465	3,761	764	87,083	37,908	49,175	128,501	255,736	127,011	128,725
2016	종로구	65,022	154,398	75,620	78,778	60,786	137,889	66,610	71,279	58	495	306	189	52	5,315	2,881	2,434	4,126	7,263	3,238	4,025
2016	중구	55,554	128,160	62,514	65,646	51,503	114,614	55,834	58,780	56	490	304	186	22	2,855	858	1,997	3,973	7,568	3,529	4,039
2016	용산구	96,097	224,993	108,520	116,473	90,164	206,719	98,443	108,276	32	274	116	158	33	2,264	824	1,440	5,868	11,194	5,720	5,474
2016	성동구	120,625	294,744	145,935	148,809	116,401	280,447	137,123	143,324	40	314	198	116	15	2,350	1,377	973	4,169	7,228	3,573	3,655
2016	광진구	153,844	363,979	177,858	186,121	146,196	339,155	163,934	175,221	51	407	262	145	26	5,324	2,612	2,712	7,571	13,854	6,550	7,304
2016	동대문구	152,538	359,935	178,285	181,650	145,179	337,449	166,238	171,211	69	611	373	238	34	4,323	2,069	2,254	7,256	11,743	4,892	6,851
2016	중랑구	159,920	399,317	197,875	201,442	157,571	388,408	190,502	197,906	21	174	122	52	22	1,283	573	710	2,306	3,930	1,870	2,060
2016	성북구	179,278	451,800	218,606	233,194	174,370	428,696	206,326	222,370	86	851	402	449	67	8,136	3,077	5,059	4,755	7,557	3,343	4,214
2016	강북구	127,371	316,212	154,407	161,805	125,580	307,062	148,774	158,288	26	224	148	76	33	1,807	471	1,336	1,732	2,825	1,247	1,578
2016	도봉구	126,297	336,745	164,407	172,338	125,384	329,548	159,573	169,975	10	82	53	29	27	1,481	254	1,227	876	1,376	674	702
2016	노원구	205,793	555,420	270,058	285,362	204,606	540,372	259,901	280,471	46	352	163	189	41	5,377	2,279	3,098	1,100	1,781	891	890
2016	은평구	180,698	472,242	229,215	243,027	178,775	458,783	220,012	238,771	21	161	88	73	36	4,229	2,400	1,829	1,866	3,203	1,532	1,671
2016	서대문구	130,954	320,258	151,756	168,502	126,581	298,202	141,698	156,504	51	432	161	271	43	9,430	3,075	6,355	4,279	7,334	2,853	4,481
2016	마포구	158,474	375,142	179,193	195,949	153,610	357,717	169,347	188,370	54	461	261	200	20	3,707	1,805	1,902	4,790	7,873	3,353	4,520
2016	양천구	165,412	460,267	226,927	233,340	163,253	449,311	218,936	230,375	14	118	74	44	26	873	310	563	2,119	3,711	1,885	1,826
2016	강서구	225,672	574,287	279,521	294,766	222,652	559,978	269,519	290,459	19	164	119	45	40	1,808	889	919	2,961	5,240	2,609	2,631
2016	구로구	171,945	442,165	221,227	220,938	156,671	397,844	195,434	202,410	28	261	162	99	35	2,730	1,279	1,451	15,211	35,931	19,595	16,336
2016	금천구	103,691	247,819	126,271	121,548	93,402	220,371	110,481	109,890	18	134	73	61	21	1,219	414	805	10,250	22,351	12,104	10,247
2016	영등포구	161,970	398,120	199,142	198,978	146,904	346,269	169,915	176,354	51	426	267	159	37	2,392	1,274	1,118	14,978	43,009	22,681	20,328
2016	동작구	165,785	404,076	197,854	206,222	159,770	381,131	184,880	196,251	57	522	269	253	19	5,091	2,429	2,662	5,939	11,982	5,690	6,292
2016	관악구	241,003	515,648	259,824	255,824	230,570	481,589	240,531	241,058	96	996	699	297	24	6,662	3,293	3,369	10,313	19,443	9,372	10,071
2016	서초구	157,437	419,682	201,062	218,620	155,051	407,756	193,616	214,140	32	279	178	101	23	2,294	656	1,638	2,331	3,773	1,860	1,913
2016	강남구	212,128	532,469	254,645	277,824	208,904	517,916	244,758	273,158	57	472	282	190	13	1,646	538	1,108	3,154	4,607	2,394	2,213
2016	송파구	234,836	628,212	305,494	322,718	230,801	610,031	293,122	316,909	34	281	209	72	27	3,016	1,490	1,526	3,974	6,773	3,422	3,351
2016	강동구	162,679	429,416	212,899	216,517	160,021	417,818	204,634	213,184	26	245	176	69	28	1,471	781	690	2,604	4,187	2,134	2,053
2017	합계	3,948,850	9,741,871	4,757,642	4,984,229	3,813,260	9,239,517	4,468,616	4,770,901	1,429	12,754	7,052	5,702	817	95,491	41,001	54,490	133,344	258,259	125,955	132,304
2017	종로구	66,711	157,277	76,670	80,607	62,372	140,074	67,612	72,462	74	616	387	229	50	5,540	2,894	2,646	4,215	7,576	3,187	4,389
2017	중구	56,239	127,896	62,195	65,701	52,208	114,557	55,609	58,948	66	597	361	236	23	2,575	810	1,765	3,942	7,478	3,429	4,049
2017	용산구	96,975	223,898	108,471	115,427	91,102	204,962	97,634	107,328	56	478	238	240	29	2,359	931	1,428	5,788	11,287	5,954	5,333
2017	성동구	125,421	302,367	149,060	153,307	120,957	287,387	140,138	147,249	58	495	260	235	17	2,785	1,541	1,244	4,389	7,460	3,587	3,873
2017	광진구	155,878	363,934	177,156	186,778	147,846	338,040	163,065	174,975	61	568	311	257	29	5,487	2,751	2,736	7,942	14,382	6,554	7,828
2017	동대문구	153,187	357,380	176,460	180,920	145,294	332,541	163,682	168,859	91	868	454	414	43	5,167	2,438	2,729	7,759	12,624	5,106	7,518
2017	중랑구	161,432	396,892	196,346	200,546	159,035	385,721	188,954	196,767	39	367	212	155	23	1,407	708	699	2,335	4,035	1,855	2,180
2017	성북구	178,276	445,417	215,068	230,349	172,973	421,449	202,703	218,746	113	1,036	449	587	70	8,276	3,128	5,148	5,120	8,296	3,567	4,729
2017	강북구	129,204	313,698	152,464	161,234	127,281	304,565	147,022	157,543	31	274	135	139	37	1,914	557	1,357	1,855	2,930	1,243	1,687
2017	도봉구	126,940	332,586	161,944	170,642	125,974	325,115	157,138	167,977	29	267	102	165	31	1,775	360	1,415	906	1,406	676	730
2017	노원구	204,188	543,499	263,655	279,844	202,955	527,633	253,207	274,426	84	644	345	299	40	6,388	2,821	3,567	1,109	1,795	868	927
2017	은평구	181,588	466,243	225,813	240,430	179,641	453,061	216,979	236,082	34	290	152	138	39	4,132	2,235	1,897	1,874	3,248	1,559	1,689
2017	서대문구	131,721	321,345	151,132	170,213	126,672	296,743	140,603	156,140	60	585	305	280	45	10,859	3,261	7,598	4,944	8,153	2,995	5,158
2017	마포구	157,877	368,841	175,326	193,515	152,814	351,174	165,730	185,444	61	552	288	264	20	3,817	1,847	1,970	4,982	8,221	3,320	4,901
2017	양천구	164,193	452,111	222,503	229,608	162,045	441,565	214,848	226,717	19	183	96	87	26	876	347	529	2,103	3,595	1,781	1,814
2017	강서구	234,926	581,675	282,678	298,997	231,739	566,909	272,818	294,091	36	294	196	98	47	2,429	1,062	1,367	3,104	5,477	2,684	2,793
2017	구로구	172,346	436,869	218,428	218,441	156,110	390,815	191,782	199,033	44	367	234	133	44	3,086	1,433	1,653	16,148	36,196	19,641	16,555
2017	금천구	106,162	249,930	127,252	122,678	95,331	221,824	111,220	110,604	30	280	142	138	26	1,418	460	958	10,775	22,121	11,924	10,197
2017	영등포구	162,626	393,560	196,929	196,631	147,559	341,888	167,825	174,063	72	642	401	241	40	2,998	1,583	1,415	14,955	41,394	21,772	19,622
2017	동작구	166,520	400,236	195,253	204,983	160,062	376,846	182,456	194,390	50	445	187	258	24	5,549	2,586	2,963	6,384	12,236	5,688	6,548
2017	관악구	242,972	511,222	256,857	254,365	232,212	476,705	237,760	238,945	134	1,326	823	503	25	7,101	3,502	3,599	10,601	19,135	8,997	10,138
2017	서초구	157,978	414,550	198,241	216,309	155,513	402,857	191,139	211,718	44	391	235	156	20	2,471	671	1,800	2,401	3,866	1,855	2,011
2017	강남구	210,728	522,514	250,087	272,427	207,369	508,816	240,907	267,909	61	522	320	202	18	1,658	601	1,057	3,280	4,691	2,343	2,348
2017	송파구	241,411	633,953	307,723	326,230	237,516	615,834	295,858	319,976	43	348	215	133	24	3,698	1,616	2,082	3,828	6,507	3,246	3,261
2017	강동구	163,351	423,978	209,931	214,047	160,680	412,436	201,927	210,509	39	319	204	115	27	1,726	858	868	2,605	4,150	2,124	2,026
2018	합계	3,981,741	9,673,936	4,718,972	4,954,964	3,839,766	9,148,012	4,418,569	4,729,443	1,760	15,318	8,115	7,203	803	99,925	43,069	56,856	139,412	269,561	133,112	136,449
2018	종로구	68,180	157,967	77,147	80,820	63,773	139,871	67,611	72,260	70	578	356	222	53	5,854	2,992	2,862	4,284	7,723	3,365	4,358
2018	중구	57,318	129,797	62,975	66,822	53,102	115,016	55,653	59,363	73	647	373	274	32	3,115	1,107	2,008	4,111	7,846	3,592	4,254
2018	용산구	98,580	226,938	110,685	116,253	92,500	205,347	97,872	107,475	57	467	256	211	38	3,202	1,536	1,666	5,985	11,315	6,203	5,112
2018	성동구	128,602	306,796	150,623	156,173	123,963	290,667	141,052	149,615	59	503	244	259	19	3,174	1,868	1,306	4,561	7,719	3,642	4,077
2018	광진구	156,764	362,304	175,762	186,542	148,735	335,353	161,180	174,173	58	520	265	255	29	5,838	2,836	3,002	7,942	14,877	6,931	7,946
2018	동대문구	155,542	358,141	176,323	181,818	146,974	331,344	162,598	168,746	119	1,072	566	506	39	5,414	2,598	2,816	8,410	13,464	5,467	7,997
2018	중랑구	162,039	391,668	193,599	198,069	159,444	380,262	186,286	193,976	40	364	209	155	19	1,379	687	692	2,536	4,400	2,032	2,368
2018	성북구	177,489	438,734	211,204	227,530	171,943	413,679	198,555	215,124	111	1,020	471	549	72	8,572	3,167	5,405	5,363	8,447	3,573	4,874
2018	강북구	129,610	309,138	150,028	159,110	127,551	299,415	144,410	155,005	68	557	259	298	30	1,895	506	1,389	1,961	3,155	1,394	1,761
2018	도봉구	127,249	328,243	159,569	168,674	126,286	320,556	154,873	165,683	49	371	133	238	27	1,859	328	1,531	887	1,457	690	767
2018	노원구	203,647	534,096	258,737	275,359	202,326	516,758	247,829	268,929	75	587	220	367	36	7,602	3,440	4,162	1,210	2,021	958	1,063
2018	은평구	183,289	462,552	223,452	239,100	181,338	449,471	214,766	234,705	52	410	186	224	32	3,785	2,019	1,766	1,867	3,214	1,571	1,643
2018	서대문구	132,305	318,874	149,438	169,436	127,197	293,559	138,984	154,575	71	653	312	341	40	10,776	3,075	7,701	4,997	8,153	2,828	5,325
2018	마포구	159,850	368,181	174,194	193,987	154,940	350,007	164,506	185,501	83	705	357	348	23	3,893	1,752	2,141	4,804	7,776	3,033	4,743
2018	양천구	164,048	445,591	218,975	226,616	162,039	435,369	211,622	223,747	28	227	124	103	23	777	295	482	1,958	3,490	1,765	1,725
2018	강서구	238,901	578,539	280,629	297,910	235,754	563,772	270,885	292,887	46	367	202	165	43	2,343	1,051	1,292	3,058	5,485	2,670	2,815
2018	구로구	174,431	433,765	217,086	216,679	156,235	384,827	188,614	196,213	55	459	271	188	43	3,084	1,457	1,627	18,098	39,722	21,909	17,813
2018	금천구	108,167	249,344	127,278	122,066	96,298	219,601	110,172	109,429	48	417	230	187	29	1,587	590	997	11,792	24,137	13,263	10,874
2018	영등포구	166,047	395,286	198,031	197,255	149,831	341,561	167,419	174,142	99	956	584	372	39	3,134	1,717	1,417	16,078	43,848	23,509	20,339
2018	동작구	168,420	397,980	193,713	204,267	161,495	373,622	180,491	193,131	89	772	319	453	22	5,592	2,583	3,009	6,814	12,663	5,955	6,708
2018	관악구	247,871	510,303	255,687	254,616	236,761	475,013	236,331	238,682	187	1,815	1,101	714	24	7,115	3,546	3,569	10,899	19,679	9,258	10,421
2018	서초구	157,716	409,491	196,064	213,427	155,418	397,464	188,745	208,719	56	484	293	191	21	2,486	655	1,831	2,221	3,541	1,689	1,852
2018	강남구	206,323	507,810	243,579	264,231	203,083	493,298	233,838	259,460	69	606	349	257	22	1,796	703	1,093	3,149	4,459	2,250	2,209
2018	송파구	247,410	638,167	309,442	328,725	243,547	619,701	297,449	322,252	58	437	259	178	23	3,768	1,588	2,180	3,782	6,525	3,315	3,210
2018	강동구	161,943	414,231	204,752	209,479	159,233	402,479	196,828	205,651	40	324	176	148	25	1,885	973	912	2,645	4,445	2,250	2,195
2019	합계	4,043,957	9,639,541	4,690,440	4,949,101	3,896,389	9,096,901	4,386,287	4,710,614	1,587	14,042	7,630	6,412	741	103,809	43,200	60,609	145,240	272,049	133,019	139,030
2019	종로구	67,650	154,969	74,880	80,089	62,652	136,649	65,594	71,055	72	640	433	207	41	4,854	2,391	2,463	4,885	8,291	3,439	4,852
2019	중구	59,440	130,957	63,406	67,551	54,496	115,665	55,820	59,845	76	690	375	315	22	2,328	713	1,615	4,846	8,526	3,982	4,544
2019	용산구	99,777	227,181	110,934	116,247	93,177	204,196	97,390	106,806	53	428	234	194	27	2,387	889	1,498	6,520	11,781	6,536	5,245
2019	성동구	127,557	299,688	146,630	153,058	122,770	283,330	137,125	146,205	64	529	280	249	15	3,106	1,774	1,332	4,708	7,557	3,480	4,077
2019	광진구	158,673	359,766	174,027	185,739	149,905	331,747	159,187	172,560	65	570	315	255	22	5,827	2,814	3,013	8,681	15,325	7,015	8,310
2019	동대문구	157,662	355,094	174,161	180,933	148,349	327,897	160,582	167,315	96	847	461	386	30	4,743	2,100	2,643	9,187	14,055	5,739	8,316
2019	중랑구	163,422	386,331	190,531	195,800	160,776	374,640	183,357	191,283	35	325	179	146	19	1,551	695	856	2,592	4,529	2,110	2,419
2019	성북구	182,594	445,327	213,832	231,495	176,729	418,403	200,642	217,761	97	878	371	507	65	9,354	3,338	6,016	5,703	8,829	3,655	5,174
2019	강북구	130,161	303,871	147,112	156,759	128,012	294,143	141,759	152,384	43	362	193	169	29	2,080	518	1,562	2,077	3,258	1,430	1,828
2019	도봉구	127,843	323,543	156,961	166,582	126,831	315,032	152,106	162,926	24	185	80	105	34	2,818	640	2,178	954	1,548	752	796
2019	노원구	202,930	522,480	252,662	269,818	201,458	504,967	241,951	263,016	67	546	202	344	36	7,686	3,415	4,271	1,369	2,223	1,073	1,150
2019	은평구	186,841	461,530	222,076	239,454	184,890	447,693	213,158	234,535	48	453	249	204	34	4,377	2,279	2,098	1,869	3,201	1,503	1,698
2019	서대문구	134,437	319,394	149,113	170,281	128,635	291,958	137,971	153,987	68	600	294	306	37	10,885	3,046	7,839	5,697	9,153	3,095	6,058
2019	마포구	162,161	369,327	173,893	195,434	156,885	348,755	163,126	185,629	81	711	389	322	21	4,975	2,292	2,683	5,174	8,239	3,159	5,080
2019	양천구	165,106	440,354	216,078	224,276	162,867	429,819	208,741	221,078	23	201	125	76	22	916	323	593	2,194	3,734	1,849	1,885
2019	강서구	243,220	574,097	277,365	296,732	240,135	559,359	268,057	291,302	35	316	185	131	41	2,583	927	1,656	3,009	5,289	2,549	2,740
2019	구로구	178,837	435,560	217,373	218,187	160,378	386,239	188,979	197,260	68	533	321	212	38	3,225	1,419	1,806	18,353	39,456	21,661	17,795
2019	금천구	111,250	249,747	127,242	122,505	99,315	219,896	110,152	109,744	51	434	251	183	30	1,610	605	1,005	11,854	23,837	13,082	10,755
2019	영등포구	169,700	394,083	196,903	197,180	153,923	341,509	167,114	174,395	90	842	494	348	37	3,270	1,757	1,513	15,650	42,182	22,502	19,680
2019	동작구	172,323	400,368	194,049	206,319	164,963	374,478	180,291	194,187	89	805	356	449	17	6,307	2,932	3,375	7,254	13,066	5,991	7,075
2019	관악구	253,139	507,828	254,082	253,746	242,154	472,796	234,870	237,926	145	1,469	876	593	29	7,366	3,776	3,590	10,811	19,012	8,931	10,081
2019	서초구	157,635	404,960	194,195	210,765	155,377	391,520	185,921	205,599	51	463	271	192	22	3,147	1,051	2,096	2,185	3,465	1,667	1,798
2019	강남구	209,768	509,199	244,403	264,796	206,524	493,492	234,001	259,491	60	514	281	233	24	2,259	821	1,438	3,160	4,445	2,213	2,232
2019	송파구	256,160	648,600	313,725	334,875	252,212	629,275	301,491	327,784	56	462	288	174	24	4,160	1,628	2,532	3,868	6,594	3,343	3,251
2019	강동구	165,671	415,287	204,807	210,480	162,976	403,443	196,902	206,541	30	239	127	112	25	1,995	1,057	938	2,640	4,454	2,263	2,191