기간	자치구	개소	좌석수	자료수	자료수	자료수	도서관 방문자수	자료실 이용자수	연간대출 책수	직원수	직원수	직원수	예산
기간	자치구	개소	좌석수	도서	비도서	연속간행물(종)	도서관 방문자수	자료실 이용자수	연간대출 책수	계	남자	여자	예산
2007	합계	66	34,659	6,305,094	278,542	20,932	35,173,528	23,464,086	7,452,706	1,332	441	891	60,010
2007	종로구	4	4,311	881,791	26,997	2,353	2,789,902	2,050,208	694,782	152	48	104	8,152
2007	중구	1	50	42,000	365	192	10,000	8,800	125	3	2	1	165
2007	용산구	2	2,627	689,689	20,716	2,043	1,717,116	1,394,481	303,787	99	28	71	5,232
2007	성동구	3	1,139	187,147	11,523	473	1,901,760	1,147,303	317,501	38	12	26	2,299
2007	광진구	1	1,295	107,633	8,216	356	1,355,739	1,355,739	283,243	29	16	13	877
2007	동대문구	2	1,018	270,422	10,679	789	984,100	326,276	191,877	68	22	46	1,949
2007	중랑구	2	1,282	145,316	15,817	289	1,963,255	1,456,909	193,820	42	9	33	1,676
2007	성북구	2	815	161,373	10,325	444	2,199,311	1,283,696	387,233	34	14	20	1,785
2007	강북구	3	1,181	205,385	15,642	402	880,701	497,435	914,113	54	17	37	2,407
2007	도봉구	2	1,356	265,812	16,835	912	1,304,461	1,061,997	658,798	55	19	36	2,569
2007	노원구	4	2,280	281,238	9,592	956	2,454,942	1,859,255	528,338	75	29	46	3,729
2007	은평구	1	986	138,152	9,800	623	761,506	640,404	159,598	44	19	25	1,802
2007	서대문구	2	1,244	225,120	7,883	749	1,146,848	734,224	210,678	46	16	30	2,326
2007	마포구	2	1,169	301,830	32,560	1,359	2,055,041	1,154,231	260,552	74	33	41	4,072
2007	양천구	2	1,734	241,647	9,615	547	1,861,954	1,134,594	202,347	54	19	35	1,273
2007	강서구	2	1,152	226,487	5,290	977	714,276	442,178	195,836	55	16	39	955
2007	구로구	5	1,932	327,598	13,379	1,302	1,658,325	965,049	298,790	79	24	55	3,240
2007	금천구	2	822	113,846	8,579	276	665,145	488,293	175,406	34	16	18	1,865
2007	영등포구	2	783	176,321	4,262	626	849,602	591,627	192,306	45	16	29	2,771
2007	동작구	1	498	108,806	4,569	628	787,570	632,360	139,285	24	9	15	1,107
2007	관악구	3	755	147,193	5,142	241	1,037,379	402,663	192,442	21	4	17	2,405
2007	서초구	2	405	41,863	957	16	77,442	47,000	1,300	7	-	7	273
2007	강남구	10	1,622	407,515	13,302	1,612	1,693,240	1,032,826	297,988	79	14	65	2,289
2007	송파구	2	2,126	196,850	6,014	883	2,406,747	1,536,802	336,337	69	19	50	974
2007	강동구	4	2,077	414,060	10,483	1,884	1,897,166	1,219,736	316,224	52	20	32	3,817
2008	합계	78	39,035	6,798,045	297,253	22,549	43,850,941	28,498,983	14,660,772	1,468	505	963	65,531
2008	종로구	4	4,242	950,276	27,700	2,572	3,258,767	1,919,224	1,002,241	158	49	109	8,862
2008	중구	2	150	52,536	747	234	-	20,548	31,456	17	9	8	-
2008	용산구	2	2,639	680,674	22,107	2,001	1,588,698	1,343,543	529,895	105	29	76	5,310
2008	성동구	4	1,265	238,850	12,895	465	2,181,933	1,440,511	627,720	38	7	31	2,445
2008	광진구	3	1,652	141,071	8,663	529	1,413,394	1,411,167	718,299	47	20	27	916
2008	동대문구	2	1,018	271,135	16,336	713	1,735,463	1,367,821	479,411	65	19	46	3,194
2008	중랑구	2	1,260	165,753	15,429	305	2,023,399	1,592,541	531,409	42	10	32	1,834
2008	성북구	2	1,382	193,374	12,572	592	1,695,134	1,382,816	479,937	44	15	29	1,736
2008	강북구	3	1,130	176,780	15,310	464	4,786,785	794,844	712,372	52	17	35	2,097
2008	도봉구	3	1,427	287,600	18,709	984	1,819,216	1,340,047	1,217,863	64	26	38	2,982
2008	노원구	4	2,582	330,012	11,149	1,047	2,332,539	2,042,877	1,199,976	84	33	51	5,021
2008	은평구	2	1,497	163,005	11,201	688	850,228	875,944	246,297	59	28	31	1,915
2008	서대문구	2	1,244	238,020	9,622	860	1,283,414	777,844	492,516	41	15	26	2,576
2008	마포구	3	2,661	329,863	18,248	1,230	2,572,703	1,276,535	621,655	64	25	39	4,133
2008	양천구	2	1,608	240,643	10,548	581	1,739,116	1,430,053	560,023	65	24	41	986
2008	강서구	4	1,457	252,584	6,597	1,060	1,139,471	732,587	591,806	70	20	50	1,250
2008	구로구	5	2,134	345,502	14,385	1,270	2,071,942	983,999	675,881	73	28	45	3,863
2008	금천구	3	889	139,685	12,336	317	931,002	820,305	289,990	48	21	27	1,521
2008	영등포구	3	1,063	229,497	7,209	700	1,294,815	793,221	340,674	56	16	40	2,416
2008	동작구	2	628	127,562	5,191	679	1,053,264	829,389	504,669	37	11	26	1,509
2008	관악구	3	755	167,027	5,858	486	1,014,000	686,861	484,027	41	17	24	2,106
2008	서초구	1	34	-	-	15	59,600	59,600	-	4	-	4	157
2008	강남구	10	1,766	425,926	15,199	1,739	2,339,425	1,350,460	791,464	81	19	62	2,898
2008	송파구	2	2,102	200,621	6,371	1,113	1,857,293	1,333,539	662,365	39	16	23	1,022
2008	강동구	5	2,450	450,049	12,871	1,905	2,809,340	1,892,707	868,826	74	31	43	4,780
2009	합계	94	40,720	7,571,258	364,257	23,212	49,231,515	33,553,500	18,713,089	2,236	610	1,626	75,761
2009	종로구	4	4,242	961,755	26,340	2,616	3,693,055	2,290,095	1,077,945	211	53	158	9,069
2009	중구	2	204	34,653	1,633	57	133,835	92,376	93,389	17	6	11	375
2009	용산구	3	2,716	698,882	24,437	2,015	2,844,880	1,520,304	609,765	147	29	118	5,453
2009	성동구	4	1,212	236,752	15,295	466	2,720,821	1,718,402	708,918	52	10	42	2,189
2009	광진구	3	1,652	166,873	9,038	451	2,007,316	1,781,173	987,620	62	21	41	2,186
2009	동대문구	2	818	283,848	18,255	974	1,371,986	1,209,044	471,626	98	26	72	2,336
2009	중랑구	2	1,260	189,619	16,654	346	2,140,021	1,732,572	559,963	62	13	49	1,627
2009	성북구	3	1,396	235,772	13,882	672	1,442,527	1,221,728	849,700	66	16	50	2,095
2009	강북구	3	1,213	234,103	21,824	342	1,409,851	995,852	928,472	47	14	33	2,238
2009	도봉구	4	1,573	321,374	22,010	1,064	2,030,497	1,410,211	1,435,389	81	30	51	3,326
2009	노원구	4	2,623	368,188	13,466	1,024	2,833,801	1,938,980	1,450,862	141	41	100	4,530
2009	은평구	3	1,707	193,673	14,546	826	1,866,091	1,473,212	484,887	108	35	73	2,775
2009	서대문구	2	1,244	245,841	10,048	1,032	1,275,247	850,662	561,769	65	17	48	2,566
2009	마포구	3	2,684	349,738	23,342	1,198	2,501,136	1,447,254	789,944	109	32	77	4,692
2009	양천구	4	1,891	275,162	12,575	627	2,081,308	1,658,460	729,645	88	29	59	2,848
2009	강서구	5	1,584	298,578	8,585	1,038	2,224,951	888,172	665,854	110	25	85	2,023
2009	구로구	6	1,705	375,874	16,894	1,178	2,185,699	1,338,893	710,843	107	32	75	3,764
2009	금천구	3	837	162,688	13,460	361	1,355,655	1,275,814	399,640	53	14	39	1,685
2009	영등포구	4	1,460	259,812	10,151	688	1,881,063	1,328,715	555,509	97	25	72	3,326
2009	동작구	3	734	150,640	6,012	730	761,193	617,145	524,496	46	14	32	2,066
2009	관악구	4	846	193,448	6,204	635	1,119,513	776,100	521,962	89	26	63	2,136
2009	서초구	1	34	9,943	11	15	65,300	65,300	81,508	3	-	3	180
2009	강남구	11	2,036	560,469	34,507	1,952	3,581,491	1,928,395	1,265,425	134	34	100	4,362
2009	송파구	5	2,241	260,633	7,279	1,007	2,756,760	1,771,686	1,064,795	122	29	93	4,011
2009	강동구	6	2,808	502,940	17,809	1,898	2,947,518	2,222,955	1,183,163	121	39	82	3,905
2010	합계	101	37,680	8,329,942	377,762	24,748	53,642,006	37,045,407	19,965,666	2,364	638	1,726	85,255
2010	종로구	4	3,679	1,069,056	28,858	2,912	3,774,959	2,419,548	1,163,204	204	48	156	9,618
2010	중구	2	204	40,644	1,751	58	143,122	94,252	84,193	18	6	12	321
2010	용산구	3	2,666	725,229	26,012	2,048	2,449,691	1,682,425	691,736	153	34	119	6,357
2010	성동구	4	1,238	313,234	17,365	454	2,805,808	2,680,777	722,443	60	12	48	2,254
2010	광진구	3	1,652	174,862	9,022	407	1,940,723	662,280	941,628	80	18	62	1,586
2010	동대문구	2	935	294,614	19,749	1,093	1,857,721	1,510,305	619,903	106	28	78	3,477
2010	중랑구	2	1,260	207,828	17,782	362	2,285,120	1,851,787	564,520	62	9	53	1,738
2010	성북구	3	1,394	260,199	14,969	530	1,826,206	1,809,618	723,040	56	13	43	1,660
2010	강북구	5	1,237	223,559	17,589	339	1,669,275	1,174,598	954,327	61	23	38	2,357
2010	도봉구	4	1,541	359,062	24,029	972	1,522,573	966,167	1,304,978	100	30	70	3,578
2010	노원구	4	2,274	408,283	14,737	1,068	3,608,591	2,207,635	1,471,462	140	39	101	6,018
2010	은평구	3	1,641	210,074	16,051	784	2,025,485	1,551,972	497,249	106	37	69	3,153
2010	서대문구	3	518	281,435	10,907	1,083	1,511,152	1,006,776	689,421	72	19	53	2,574
2010	마포구	3	1,528	366,111	24,542	1,525	2,510,742	1,423,991	838,136	119	38	81	5,235
2010	양천구	4	1,313	265,115	13,337	657	2,046,305	1,621,465	698,619	101	35	63	3,210
2010	강서구	5	1,584	306,088	12,371	1,080	1,713,367	1,151,451	804,615	91	20	71	3,482
2010	구로구	9	2,543	473,791	16,838	1,213	2,982,309	1,279,119	874,550	130	35	95	4,839
2010	금천구	3	747	180,087	13,940	334	1,434,249	1,378,193	416,071	62	20	42	1,595
2010	영등포구	4	1,460	276,829	11,582	854	1,985,689	1,481,024	562,947	99	28	71	3,776
2010	동작구	3	734	173,894	5,730	911	1,281,553	1,079,643	681,900	50	11	39	2,015
2010	관악구	4	858	214,854	6,938	546	1,026,198	627,948	480,817	86	24	62	2,517
2010	서초구	1	34	51,202	801	15	69,144	69,144	115,132	3	-	3	180
2010	강남구	11	1,668	590,832	26,018	2,143	3,814,084	2,198,373	1,323,923	161	40	124	4,803
2010	송파구	5	1,923	292,254	9,046	1,282	3,015,811	2,137,661	1,173,133	99	30	69	3,660
2010	강동구	7	3,049	570,806	17,798	2,078	4,342,129	2,979,255	1,567,719	145	41	104	5,251
2011	합계	109	36,629	8,910,508	404,998	23,447	57,095,987	42,552,573	21,517,570	1,567	519	1,048	76,070
2011	종로구	4	3,818	983,044	30,906	2,897	4,549,792	2,902,068	1,302,632	147	56	91	6,344
2011	중구	4	466	74,830	2,315	128	372,026	268,224	207,924	23	7	16	1,167
2011	용산구	3	2,811	749,122	28,685	2,134	2,708,230	1,898,853	765,782	91	29	62	2,868
2011	성동구	4	1,343	342,298	17,952	379	2,778,893	2,299,130	725,211	42	15	27	2,516
2011	광진구	3	1,187	196,755	7,122	438	1,937,784	1,758,816	1,062,068	36	12	24	1,611
2011	동대문구	2	942	302,926	18,944	1,033	1,661,349	1,323,314	627,197	63	29	34	3,580
2011	중랑구	2	819	225,392	21,604	324	2,378,573	1,887,322	558,665	39	13	26	1,761
2011	성북구	4	949	284,694	15,921	648	1,453,191	1,353,268	832,306	43	8	35	2,119
2011	강북구	5	849	262,022	19,373	260	2,125,822	1,559,641	656,286	48	6	42	2,621
2011	도봉구	5	1,331	393,020	28,327	908	1,632,787	1,134,730	843,975	68	26	42	4,100
2011	노원구	5	2,458	465,126	16,437	735	5,062,627	2,757,259	2,873,827	115	36	79	6,046
2011	은평구	3	1,408	232,562	17,237	805	1,868,031	1,440,615	504,837	70	29	41	3,093
2011	서대문구	4	576	304,400	11,086	967	1,528,663	960,012	822,663	45	13	32	3,068
2011	마포구	3	1,571	379,785	26,009	1,222	2,438,034	1,775,799	859,065	83	22	61	3,095
2011	양천구	4	1,736	304,293	15,419	690	4,328,562	4,195,274	757,842	65	30	35	1,499
2011	강서구	5	1,646	326,750	10,161	997	1,607,304	1,213,037	823,323	68	29	39	2,341
2011	구로구	10	2,654	518,103	18,354	1,258	2,530,351	1,511,305	973,753	94	35	59	4,551
2011	금천구	3	994	203,669	15,630	362	1,471,990	1,464,408	427,339	43	14	29	1,759
2011	영등포구	4	1,188	312,711	12,091	840	1,151,698	920,445	445,671	56	17	39	4,078
2011	동작구	3	725	189,558	6,653	788	1,316,266	1,075,885	674,880	36	9	27	1,926
2011	관악구	5	958	259,170	7,952	784	1,203,706	746,235	568,895	44	14	30	2,634
2011	서초구	1	34	54,685	822	10	80,658	80,658	134,352	3	-	3	127
2011	강남구	11	2,112	608,739	28,313	1,848	4,027,351	2,636,653	1,353,508	107	23	84	4,298
2011	송파구	5	1,913	324,091	9,021	880	3,335,997	2,332,783	1,182,044	54	19	35	3,945
2011	강동구	7	2,141	612,763	18,664	2,112	3,546,302	3,056,839	1,533,525	84	28	56	4,925
2012	합계	116	38,594	9,754,776	437,061	24,276	60,377,702	41,676,378	21,445,003	1,866	620	1,246	82,249
2012	종로구	4	3,619	1,055,916	36,655	2,817	4,782,168	3,183,061	1,657,217	171	49	122	5,772
2012	중구	5	837	279,654	7,482	379	1,497,448	1,292,740	304,631	61	14	47	3,939
2012	용산구	3	2,694	764,739	30,858	2,156	2,396,522	1,652,671	754,899	83	29	54	2,738
2012	성동구	5	1,572	387,889	20,563	485	2,766,340	1,024,823	753,486	77	23	54	2,639
2012	광진구	3	1,278	211,900	7,763	443	1,985,592	1,772,506	1,128,433	39	14	25	1,877
2012	동대문구	2	947	305,531	19,799	990	2,458,029	1,640,844	554,654	66	30	36	3,730
2012	중랑구	3	969	271,184	22,384	310	2,424,288	1,926,817	556,762	50	12	38	2,193
2012	성북구	5	1,094	338,241	18,894	663	1,690,483	1,383,650	855,623	68	26	42	2,574
2012	강북구	5	541	286,373	13,223	251	2,690,635	1,997,468	733,361	58	23	35	2,667
2012	도봉구	5	1,229	424,562	28,919	861	1,655,955	1,142,296	834,488	81	28	53	3,979
2012	노원구	6	2,826	518,515	19,048	747	5,554,337	2,472,824	1,564,867	122	40	82	4,674
2012	은평구	3	1,368	258,464	19,406	890	2,073,742	1,390,627	568,777	80	37	43	3,277
2012	서대문구	4	951	328,275	12,144	1,102	1,858,652	1,399,629	1,012,853	57	17	40	3,119
2012	마포구	3	1,434	385,240	27,176	1,118	1,942,404	1,392,010	696,132	94	33	61	3,530
2012	양천구	4	1,941	316,968	16,039	768	2,015,732	1,594,094	694,927	64	26	38	1,506
2012	강서구	7	1,707	367,413	12,652	901	1,822,807	1,406,382	1,008,299	74	27	47	2,962
2012	구로구	10	2,417	551,711	19,607	1,260	2,931,848	1,833,760	986,016	98	26	72	4,866
2012	금천구	3	994	213,280	14,981	368	1,705,307	1,676,283	454,860	50	16	34	2,019
2012	영등포구	4	1,779	317,739	13,358	894	1,859,827	1,358,426	619,119	76	32	44	3,761
2012	동작구	3	665	202,995	7,714	655	1,508,087	1,208,784	747,859	34	8	26	2,032
2012	관악구	5	952	280,481	7,052	790	1,297,487	815,408	521,446	63	26	37	3,486
2012	서초구	1	38	58,667	757	8	73,788	73,788	118,005	5	1	4	167
2012	강남구	11	2,092	636,783	30,855	1,559	4,040,243	2,354,071	1,344,040	122	31	91	4,810
2012	송파구	5	1,802	340,594	10,187	1,694	3,392,949	2,513,699	1,177,584	66	17	49	4,129
2012	강동구	7	2,848	651,662	19,545	2,167	3,953,032	3,169,717	1,796,665	107	35	72	5,805
2013	합계	123	41,703	10,693,144	430,180	24,956	64,286,726	47,072,804	22,206,149	1,804	521	1,283	88,070
2013	종로구	4	3,962	1,097,768	37,510	2,692	4,376,024	2,888,460	1,390,403	146	34	112	5,848
2013	중구	5	892	331,840	7,911	366	2,950,219	2,696,529	625,612	71	29	42	4,545
2013	용산구	3	2,694	766,409	31,244	1,835	1,966,930	1,429,152	686,129	88	26	62	2,723
2013	성동구	5	1,617	615,557	21,077	475	3,038,975	2,018,768	833,538	79	20	59	3,206
2013	광진구	3	1,278	233,781	7,499	462	2,070,413	1,847,731	1,221,351	36	11	25	1,967
2013	동대문구	2	879	316,507	18,082	947	1,784,268	2,110,592	804,541	57	20	37	3,414
2013	중랑구	3	990	295,955	14,872	242	2,516,671	1,997,831	634,917	43	9	34	2,241
2013	성북구	5	1,056	382,374	21,467	582	1,045,524	749,867	812,887	66	12	54	2,461
2013	강북구	6	687	311,525	10,713	311	2,980,407	2,043,498	840,148	53	13	40	2,613
2013	도봉구	5	1,440	454,002	24,837	1,065	1,542,972	1,039,045	762,272	74	19	55	3,948
2013	노원구	6	2,757	550,814	21,221	791	5,947,984	2,625,163	1,499,225	112	34	78	5,565
2013	은평구	3	1,477	269,460	19,525	816	2,009,863	1,577,406	545,646	69	30	39	3,398
2013	서대문구	4	951	345,852	13,682	950	2,044,363	1,381,328	1,005,006	52	17	35	2,744
2013	마포구	3	1,428	397,674	22,561	1,212	2,235,125	1,757,974	778,741	82	19	63	2,762
2013	양천구	4	1,937	329,974	13,593	886	1,915,671	1,421,721	694,091	64	22	42	1,575
2013	강서구	8	2,018	417,116	14,278	1,386	2,219,848	1,822,504	1,115,387	86	28	58	4,167
2013	구로구	10	2,410	586,404	18,513	1,239	3,072,658	2,603,413	910,478	82	23	59	4,731
2013	금천구	4	1,455	223,679	15,485	410	1,743,856	1,749,357	465,955	56	14	42	2,295
2013	영등포구	4	1,806	335,476	14,759	940	1,962,707	1,410,025	617,685	56	19	37	3,710
2013	동작구	4	954	233,605	8,598	602	1,439,961	1,128,581	710,065	45	18	27	2,982
2013	관악구	5	1,056	298,635	7,637	996	990,032	604,697	533,877	57	13	44	2,903
2013	서초구	2	404	111,964	2,489	93	1,315,478	1,309,518	379,992	21	4	17	1,217
2013	강남구	12	2,548	698,547	34,210	1,502	4,783,762	2,950,005	1,376,928	130	30	100	5,511
2013	송파구	6	2,199	395,166	9,643	1,897	3,351,332	2,655,026	1,182,040	82	29	53	4,755
2013	강동구	7	2,808	693,060	18,774	2,259	4,981,683	3,254,613	1,779,235	97	28	69	6,791
2014	합계	132	42,194	11,213,319	655,378	24,833	71,043,565	46,143,554	27,006,534	2,082	648	1,434	87,555
2014	종로구	6	3,391	1,117,426	237,441	2,550	4,310,468	2,714,867	1,354,507	175	48	127	4,893
2014	중구	5	892	388,645	14,028	395	5,031,217	613,179	570,413	78	20	58	3,370
2014	용산구	3	2,037	775,265	32,595	1,727	2,372,935	1,644,673	736,022	106	37	69	2,647
2014	성동구	6	1,922	447,186	23,019	537	3,512,440	2,381,845	4,277,361	91	22	69	3,711
2014	광진구	3	1,282	258,492	7,881	455	2,012,529	1,932,324	1,236,446	40	15	25	2,158
2014	동대문구	4	1,098	354,273	20,493	1,077	2,182,204	1,558,840	709,398	90	31	59	4,192
2014	중랑구	3	989	315,370	15,158	272	2,495,889	1,970,918	625,408	51	12	39	2,305
2014	성북구	6	1,138	431,900	22,916	544	1,186,343	889,917	853,209	76	27	49	3,001
2014	강북구	6	811	333,534	13,467	296	3,138,412	1,833,690	916,427	53	20	33	2,180
2014	도봉구	5	1,752	492,920	26,511	868	1,498,224	961,514	749,611	74	25	49	3,636
2014	노원구	6	2,819	583,083	23,560	812	5,873,602	3,046,290	1,594,130	133	42	91	5,116
2014	은평구	3	1,252	281,627	20,394	910	1,860,063	1,413,395	485,928	76	31	45	3,252
2014	서대문구	4	968	369,826	14,039	944	2,214,447	1,525,708	1,178,975	62	22	40	2,333
2014	마포구	3	1,428	406,339	23,747	1,079	2,407,165	1,774,547	798,096	83	31	52	3,174
2014	양천구	5	2,105	358,637	13,780	814	2,023,523	1,476,924	697,669	63	21	42	1,969
2014	강서구	8	2,337	467,056	17,420	1,282	2,304,998	2,018,803	1,199,756	95	30	65	4,018
2014	구로구	10	2,408	605,697	18,924	1,700	3,669,033	1,989,415	1,139,405	98	26	72	5,236
2014	금천구	4	1,363	258,601	15,657	361	2,319,021	2,016,537	525,261	59	20	39	2,133
2014	영등포구	4	1,715	348,209	15,628	924	2,043,314	1,491,526	598,875	75	27	48	4,071
2014	동작구	5	1,019	256,314	9,614	595	1,888,981	1,125,875	830,919	60	20	40	2,562
2014	관악구	5	1,070	323,853	7,907	1,354	1,221,798	761,714	504,407	68	29	39	3,651
2014	서초구	2	400	133,420	3,282	119	1,393,088	1,386,954	456,168	23	7	16	1,401
2014	강남구	12	2,544	735,350	25,346	1,422	5,426,044	3,408,369	1,514,604	143	28	115	5,831
2014	송파구	7	2,278	437,533	11,332	2,068	3,603,183	2,878,281	1,572,977	100	33	67	4,721
2014	강동구	7	3,176	732,763	21,239	1,728	5,054,644	3,327,449	1,880,562	110	24	86	5,995
2015	합계	146	43,227	11,929,816	498,842	24,967	71,050,641	48,719,001	24,411,227	2,192	675	1,517	111,811
2015	종로구	6	2,649	1,106,543	45,339	2,481	4,098,356	2,508,381	1,376,695	163	45	118	9,640
2015	중구	5	852	431,623	26,447	672	2,521,203	553,129	565,933	72	20	52	3,795
2015	용산구	3	2,017	787,103	33,669	1,585	2,154,085	1,485,832	739,503	99	42	57	4,090
2015	성동구	6	1,930	444,687	23,449	537	3,428,032	2,170,331	964,550	95	26	69	3,299
2015	광진구	4	1,346	296,801	8,275	465	2,203,719	2,126,091	1,445,928	46	16	30	2,558
2015	동대문구	4	1,171	385,181	21,055	1,296	3,144,655	1,981,638	821,072	88	36	52	4,504
2015	중랑구	3	1,005	310,589	15,024	275	2,754,715	1,967,046	610,402	53	12	41	2,486
2015	성북구	8	1,289	516,361	25,333	671	1,350,068	971,093	888,843	79	23	56	3,569
2015	강북구	6	1,102	358,945	11,062	280	2,929,436	2,166,687	860,687	66	23	43	2,926
2015	도봉구	7	1,887	524,438	27,163	1,216	1,587,982	1,032,285	718,589	96	28	68	5,037
2015	노원구	6	2,813	619,565	26,252	744	5,125,555	3,037,950	1,509,460	134	42	92	7,425
2015	은평구	6	2,292	362,385	22,913	1,014	2,582,831	1,996,950	773,850	125	42	83	4,955
2015	서대문구	4	968	392,860	14,813	1,140	2,342,673	1,596,517	1,252,561	69	22	47	3,679
2015	마포구	4	1,517	444,273	24,769	939	3,529,719	2,570,443	965,337	101	31	70	6,021
2015	양천구	5	2,091	382,923	18,414	800	2,686,910	2,166,452	946,949	61	11	50	3,386
2015	강서구	9	2,694	509,386	17,700	1,211	2,637,787	2,048,346	1,271,383	110	39	71	6,125
2015	구로구	10	2,383	626,747	19,690	1,503	3,463,006	1,972,058	967,229	96	21	75	4,995
2015	금천구	4	1,381	267,367	15,919	419	2,097,917	1,724,783	446,754	56	19	37	1,837
2015	영등포구	5	1,591	375,841	19,905	785	2,136,290	1,447,893	539,808	77	32	45	4,634
2015	동작구	5	1,079	274,444	9,973	633	1,532,537	1,210,363	830,399	57	21	36	2,826
2015	관악구	5	1,040	347,723	8,214	1,159	1,177,398	759,748	504,116	68	29	39	3,851
2015	서초구	2	495	138,353	4,014	136	1,519,291	1,108,285	490,530	32	8	24	1,525
2015	강남구	12	2,473	742,708	25,728	1,345	5,454,067	3,744,528	1,508,230	131	28	103	5,658
2015	송파구	10	2,358	508,876	13,092	1,533	4,211,397	3,328,781	1,552,169	106	30	76	6,145
2015	강동구	7	2,804	774,094	20,630	2,128	4,381,012	3,043,391	1,860,250	112	29	83	6,846
2016	합계	147	42,926	12,583,120	515,455	24,633	68,247,780	50,698,340	23,033,500	2,281	663	1,618	125,674
2016	종로구	6	2,678	1,133,386	48,556	2,345	4,045,535	2,435,183	1,283,236	158	47	111	10,294
2016	중구	5	834	497,625	20,947	681	1,841,506	1,564,551	560,369	87	17	70	6,454
2016	용산구	3	2,025	811,235	32,874	1,501	2,102,081	1,406,843	580,552	98	34	64	6,730
2016	성동구	6	1,758	461,535	22,872	523	3,148,777	2,788,954	824,017	97	27	70	4,088
2016	광진구	4	1,346	315,354	8,537	467	2,231,116	2,054,007	1,541,369	48	17	31	2,517
2016	동대문구	4	1,156	405,544	22,058	1,303	2,081,213	1,598,529	635,453	89	27	62	4,456
2016	중랑구	3	978	334,230	15,024	331	2,761,196	1,996,336	599,078	49	12	37	2,618
2016	성북구	8	1,280	546,284	25,960	775	1,962,333	1,768,908	770,356	82	23	59	3,136
2016	강북구	6	1,273	375,941	11,153	280	2,759,150	1,921,542	579,653	61	24	37	2,849
2016	도봉구	7	1,925	560,280	27,056	1,113	1,581,417	975,878	743,503	97	33	64	4,593
2016	노원구	6	2,644	650,298	28,355	712	4,215,831	2,670,598	1,490,640	138	34	104	8,089
2016	은평구	6	2,252	405,494	24,478	1,127	2,930,655	2,314,131	895,480	129	45	84	6,319
2016	서대문구	4	964	414,334	15,389	1,083	1,641,299	1,075,726	589,711	76	20	56	4,120
2016	마포구	4	1,606	453,291	27,681	1,084	3,521,345	2,474,788	943,096	110	33	77	6,208
2016	양천구	6	2,223	419,634	20,749	936	3,368,802	2,329,510	1,018,823	77	8	69	4,135
2016	강서구	9	2,908	558,948	18,713	1,021	2,715,999	2,024,546	1,207,917	125	37	88	7,262
2016	구로구	10	2,347	662,333	24,652	1,409	2,772,863	2,219,183	887,798	103	27	76	5,792
2016	금천구	4	1,376	281,786	12,135	380	2,260,050	1,738,754	338,660	53	18	35	2,488
2016	영등포구	5	1,102	393,897	20,314	805	2,124,109	1,419,996	528,419	81	24	57	5,648
2016	동작구	5	1,079	291,265	9,911	668	1,463,687	1,228,510	860,693	58	23	35	3,282
2016	관악구	5	1,043	362,261	8,619	1,157	1,177,850	755,060	568,267	68	30	38	3,422
2016	서초구	2	495	152,824	4,624	154	1,358,597	960,012	474,438	27	8	19	1,615
2016	강남구	11	2,466	743,333	27,853	1,578	5,399,365	3,749,750	1,467,180	130	27	103	6,087
2016	송파구	11	2,435	555,884	14,506	1,463	4,188,791	3,319,148	1,752,568	125	40	85	6,441
2016	강동구	7	2,733	796,124	22,439	1,737	4,594,213	3,907,897	1,892,224	115	28	87	7,029
2017	합계	160	45,057	13,484,498	550,179	25,734	64,248,566	48,554,365	22,662,045	2,449	697	1,752	163,396
2017	종로구	6	2,323	1,160,477	50,857	2,352	3,944,560	2,380,202	1,152,055	153	48	105	11,305
2017	중구	5	699	526,971	22,771	660	1,735,704	1,445,876	505,604	93	19	74	5,326
2017	용산구	4	2,129	853,811	35,185	1,573	2,230,197	1,453,499	570,530	93	24	69	25,429
2017	성동구	6	1,691	479,499	22,873	527	3,069,923	2,747,798	765,903	99	25	74	4,496
2017	광진구	4	1,346	337,735	8,673	534	2,064,770	1,890,313	1,481,168	48	17	31	2,967
2017	동대문구	4	1,280	428,589	22,919	1,323	1,896,366	1,237,370	648,625	96	36	60	4,596
2017	중랑구	3	1,001	341,732	14,091	302	2,277,121	1,751,705	542,438	48	10	38	2,783
2017	성북구	10	1,491	577,308	27,349	749	1,532,752	953,998	745,227	113	30	83	4,867
2017	강북구	7	1,835	413,532	14,168	281	1,998,217	1,426,002	535,411	82	34	48	3,445
2017	도봉구	7	2,031	609,326	28,437	952	1,536,583	1,028,850	763,840	90	30	60	4,920
2017	노원구	7	2,914	720,915	31,156	756	4,254,820	2,573,910	1,488,487	142	34	108	8,316
2017	은평구	6	2,377	442,021	25,495	1,136	2,527,624	2,014,965	865,830	131	45	86	6,312
2017	서대문구	4	962	430,335	15,426	1,068	1,728,689	990,003	545,575	67	16	51	4,103
2017	마포구	6	2,303	562,094	36,154	1,411	3,672,730	2,616,460	980,600	162	47	115	16,451
2017	양천구	6	1,621	472,592	21,521	942	2,630,629	2,461,248	1,088,735	83	13	70	5,405
2017	강서구	9	2,973	607,244	21,047	1,176	3,062,242	2,635,497	1,179,363	126	41	85	7,278
2017	구로구	11	2,497	702,537	22,183	1,422	2,592,824	2,125,322	923,036	123	34	89	6,264
2017	금천구	4	1,213	303,507	16,151	357	1,877,906	1,447,579	607,529	52	18	34	2,146
2017	영등포구	5	1,069	417,117	21,626	804	1,884,477	1,371,883	522,036	85	19	66	5,301
2017	동작구	5	1,079	308,903	10,272	663	1,471,142	1,264,344	850,749	57	23	34	3,554
2017	관악구	5	1,040	391,232	8,910	1,055	1,154,821	764,550	521,239	71	29	42	3,815
2017	서초구	4	734	162,111	4,487	222	1,374,303	993,479	495,860	29	9	20	1,788
2017	강남구	12	2,596	767,827	28,409	1,702	5,449,475	3,873,523	1,548,542	145	24	121	6,335
2017	송파구	12	2,436	609,611	15,504	2,059	4,061,787	3,362,531	1,658,522	140	43	97	8,492
2017	강동구	8	3,417	857,472	24,515	1,708	4,218,904	3,743,458	1,675,141	121	29	92	7,704
2018	합계	173	45,536	14,258,193	570,524	24,867	66,955,435	51,070,334	23,140,724	2,600	734	1,866	150,596
2018	종로구	7	2,426	1,150,795	53,981	1,932	3,843,581	2,562,193	1,096,673	159	42	117	12,076
2018	중구	5	699	563,213	24,938	651	1,682,720	1,431,216	558,162	94	20	74	5,723
2018	용산구	4	1,545	865,103	36,224	1,728	2,266,969	1,423,742	635,296	95	28	67	7,417
2018	성동구	6	1,691	527,986	23,476	507	3,081,900	2,899,933	687,826	102	25	77	3,919
2018	광진구	4	1,346	361,899	8,859	402	2,342,446	2,317,863	840,977	46	17	29	3,427
2018	동대문구	4	1,155	449,979	24,051	1,305	2,460,221	1,839,485	709,342	93	34	59	5,561
2018	중랑구	4	1,318	359,642	9,331	349	2,039,360	1,624,803	555,902	54	19	35	2,943
2018	성북구	10	1,504	588,055	32,736	402	1,700,278	959,398	729,626	118	37	81	5,123
2018	강북구	7	1,590	428,826	14,441	296	1,140,127	760,318	557,809	86	34	52	4,227
2018	도봉구	6	1,819	566,012	27,550	791	1,586,923	1,023,911	830,813	89	28	61	5,963
2018	노원구	11	3,565	815,698	36,654	984	4,487,940	2,613,018	1,475,908	162	40	122	8,813
2018	은평구	7	2,443	493,198	27,021	1,277	2,517,939	1,756,987	925,461	155	48	107	7,382
2018	서대문구	4	978	460,041	16,000	977	1,568,025	937,109	503,811	71	24	47	4,385
2018	마포구	6	2,171	601,296	31,904	1,356	4,047,530	3,179,698	1,324,429	174	53	121	12,583
2018	양천구	9	1,928	528,419	23,575	926	3,448,296	2,871,204	1,359,312	93	19	74	5,142
2018	강서구	9	2,943	666,299	22,923	1,133	2,938,978	2,373,000	1,197,130	133	37	96	7,584
2018	구로구	11	2,412	741,893	23,943	1,428	2,789,426	2,231,975	926,068	121	31	90	7,013
2018	금천구	4	1,381	312,808	12,777	420	1,713,856	1,371,389	482,802	53	17	36	1,976
2018	영등포구	5	1,094	439,253	22,981	871	1,786,193	1,237,582	539,350	81	16	65	5,335
2018	동작구	6	1,109	338,657	11,428	601	1,413,969	1,230,514	791,968	59	20	39	3,449
2018	관악구	5	1,040	405,174	8,688	1,127	980,392	647,683	499,076	72	28	44	4,338
2018	서초구	6	1,084	220,684	6,005	333	1,750,337	1,350,246	686,029	57	17	40	2,588
2018	강남구	13	2,702	816,753	28,826	1,690	5,838,954	4,225,413	1,690,063	167	29	138	7,650
2018	송파구	12	2,453	681,165	16,881	1,620	4,842,361	4,025,726	1,934,542	144	40	104	8,445
2018	강동구	8	3,140	875,345	25,331	1,761	4,686,714	4,175,928	1,602,349	122	31	91	7,534
2019	합계	180	46,253	14,995,316	570,232	23,775	66,928,527	49,968,428	23,982,384	2,782	773	2,009	161,883
2019	종로구	7	2,399	1,181,493	54,008	2,008	4,112,688	2,675,707	1,075,890	194	61	133	11,170
2019	중구	5	689	606,096	24,398	604	1,598,663	1,391,294	587,638	97	18	79	6,210
2019	용산구	4	1,587	874,107	37,396	1,657	2,332,135	1,565,421	631,901	133	33	100	6,286
2019	성동구	6	1,675	508,373	16,560	505	2,903,130	2,570,590	770,382	101	20	81	4,545
2019	광진구	4	1,348	386,513	8,451	550	2,518,424	2,310,149	914,253	46	16	30	5,812
2019	동대문구	5	1,228	489,246	24,998	1,172	2,455,219	1,708,607	649,665	96	34	62	6,218
2019	중랑구	5	1,564	404,991	9,631	417	1,958,929	1,558,060	673,158	69	22	47	4,287
2019	성북구	12	1,813	622,319	28,835	386	1,642,640	991,632	703,723	126	36	90	5,964
2019	강북구	7	1,699	429,980	11,934	263	922,334	562,388	537,456	73	32	41	4,514
2019	도봉구	7	1,913	591,722	28,466	783	1,767,791	1,012,211	848,013	98	32	66	6,201
2019	노원구	11	3,352	863,355	38,375	922	3,947,227	2,350,725	1,337,978	158	43	115	9,625
2019	은평구	8	2,579	541,209	28,465	1,155	2,629,946	1,864,982	1,013,490	168	49	119	8,700
2019	서대문구	4	978	479,088	16,069	788	1,611,088	937,581	525,111	71	22	49	4,576
2019	마포구	6	2,333	642,596	30,120	1,197	3,629,379	2,760,176	1,395,050	154	42	112	11,761
2019	양천구	9	1,894	548,565	24,420	939	3,288,722	2,787,362	1,502,712	117	30	87	5,407
2019	강서구	9	2,793	689,936	24,464	1,111	3,035,500	2,266,719	1,321,268	143	37	106	7,768
2019	구로구	11	2,061	802,387	23,710	1,138	2,765,342	2,130,076	935,452	119	35	84	5,699
2019	금천구	4	1,423	328,272	12,961	439	1,671,508	1,372,017	454,976	48	13	35	2,613
2019	영등포구	5	1,107	459,580	24,442	887	1,549,225	1,055,406	583,068	92	26	66	6,073
2019	동작구	6	955	372,327	11,742	575	1,458,268	1,267,467	848,049	69	18	51	4,102
2019	관악구	5	1,040	411,147	8,366	1,189	871,112	603,953	480,614	73	31	42	2,413
2019	서초구	7	1,630	295,197	8,582	476	2,149,663	1,664,666	864,138	66	17	49	4,643
2019	강남구	13	2,567	856,999	29,234	1,525	6,428,920	4,637,937	1,839,701	183	36	147	9,863
2019	송파구	12	2,430	716,555	17,854	1,470	4,904,383	4,096,822	1,927,254	160	48	112	9,284
2019	강동구	8	3,196	893,263	26,751	1,619	4,776,291	3,826,480	1,561,444	128	22	106	8,148